%YAML:1.0
---
R: !!opencv-matrix
   rows: 3
   cols: 3
   dt: d
   data: [ 9.9999203600066378e-01, 3.7400098638806743e-03,
       1.3929326850932848e-03, -3.7343960705979356e-03,
       9.9998498206613018e-01, -4.0112252727918483e-03,
       -1.4079137882088610e-03, 4.0059915650506057e-03,
       9.9999098486453653e-01 ]
T: !!opencv-matrix
   rows: 3
   cols: 1
   dt: d
   data: [ -1.2034487912528556e-01, 4.0215533156737248e-04,
       9.5375294636574910e-04 ]
R1: !!opencv-matrix
   rows: 3
   cols: 3
   dt: d
   data: [ 9.9997868705426740e-01, 3.6660791214293228e-04,
       -6.5185148509626896e-03, -3.7971287253006284e-04,
       9.9999790926913079e-01, -2.0092972655944351e-03,
       6.5177645982270223e-03, 2.0117296055495305e-03,
       9.9997673557370137e-01 ]
R2: !!opencv-matrix
   rows: 3
   cols: 3
   dt: d
   data: [ 9.9996301448948088e-01, -3.3415668416480497e-03,
       -7.9248712388800754e-03, 3.3574933801859088e-03,
       9.9999236910889100e-01, 1.9972386410728191e-03,
       7.9181368586326989e-03, -2.0237724749054280e-03,
       9.9996660316915464e-01 ]
P1: !!opencv-matrix
   rows: 3
   cols: 4
   dt: d
   data: [ 6.0576237357280706e+02, 0., 3.2170699310302734e+02, 0., 0.,
       6.0576237357280706e+02, 2.1399224853515625e+02, 0., 0., 0., 1.,
       0. ]
P2: !!opencv-matrix
   rows: 3
   cols: 4
   dt: d
   data: [ 6.0576237357280706e+02, 0., 3.2170699310302734e+02,
       -7.2903095984488942e+01, 0., 6.0576237357280706e+02,
       2.1399224853515625e+02, 0., 0., 0., 1., 0. ]
Q: !!opencv-matrix
   rows: 4
   cols: 4
   dt: d
   data: [ 1., 0., 0., -3.2170699310302734e+02, 0., 1., 0.,
       -2.1399224853515625e+02, 0., 0., 0., 6.0576237357280706e+02, 0.,
       0., 8.3091446994472040e+00, 0. ]
imageSize: [ 640, 480 ]
