%YAML:1.0
---
M1: !!opencv-matrix
   rows: 3
   cols: 3
   dt: d
   data: [ 6.6979077652101080e+02, 0., 3.1452703608098466e+02, 0.,
       6.6979077652101080e+02, 2.1549340015269237e+02, 0., 0., 1. ]
D1: !!opencv-matrix
   rows: 14
   cols: 1
   dt: d
   data: [ -1.3400350069432690e-01, -2.4062159134760472e-01, 0., 0., 0.,
       0., 0., -6.7786078317118470e-01, 0., 0., 0., 0., 0., 0. ]
M2: !!opencv-matrix
   rows: 3
   cols: 3
   dt: d
   data: [ 6.6979077652101080e+02, 0., 3.1783508096294065e+02, 0.,
       6.6979077652101080e+02, 2.1570728164208379e+02, 0., 0., 1. ]
D2: !!opencv-matrix
   rows: 14
   cols: 1
   dt: d
   data: [ -1.6649738289779822e-01, 1.5736337646832788e-01, 0., 0., 0.,
       0., 0., 4.9351649049753465e-01, 0., 0., 0., 0., 0., 0. ]
